For user 13420:
(4736, 3)
(7651, 3)
(10469, 3)
(14264, 3)
(351, 2)
(2101, 2)
(2554, 2)
(7608, 2)
(8508, 2)
(8711, 2)

For user 8942:
(8939, 3)
(8940, 1)
(8943, 1)
(8944, 1)

For user 5850:
(5819, 3)
(5805, 2)
(5811, 2)
(5815, 2)
(5828, 2)
(5831, 2)
(5836, 2)
(219, 1)
(576, 1)
(639, 1)

For user 49824:
(49846, 3)
(41581, 2)
(43382, 2)
(49786, 2)
(49788, 2)
(49789, 2)
(49814, 2)
(49819, 2)
(49834, 2)
(16, 1)

For user 924:
(439, 1)
(2409, 1)
(6995, 1)
(11860, 1)
(15416, 1)
(43748, 1)
(45881, 1)

For user 44410:
(4231, 3)
(44462, 3)
(351, 2)
(4302, 2)
(6318, 2)
(8221, 2)
(9095, 2)
(10328, 2)
(10370, 2)
(10462, 2)

For user 8974:
(8960, 12)
(12241, 12)
(8774, 10)
(6973, 7)
(8969, 6)
(8980, 4)
(8982, 4)
(8984, 4)
(8978, 3)
(8979, 3)

For user 8941:
(8943, 2)
(8944, 2)
(8940, 1)

For user 9019:
(9022, 2)
(317, 1)
(9023, 1)

For user 9993:
(9991, 5)
(13134, 1)
(13478, 1)
(13877, 1)
(34299, 1)
(34485, 1)
(34642, 1)
(37941, 1)